0:9438,7678,9997,9168,9127,9665,10292,6387,2855,12554
1:9997,3239,6425,1562,7688,4241,9599,6122,8534,1712
2:9997,8046,492,11629,7823,5660,5409,2913,13101,13191
3:9997,12122,12038,11984,12029,12098,12014,12113,11990,11993
4:9852,1303,1492,12938,4106,9997,9191,4845,10278,5226
5:9211,9997,905,10560,5664,12687,2247,9375,6489,2084
6:9997,10094,10748,11057,1046,10709,11204,10076,104,10244
7:9997,1103,11729,12011,10610,10715,12092,1238,12785,12794
8:12821,733,9997,3899,3368,2519,12143,5212,6961,4582
9:4406,5802,12461,7500,10862,1283,9997,4698,11497,9479
10:9997,10777,12044,7680,768,9526,3303,153,3384,2764
11:11039,7708,3602,9562,3911,9997,1150,12464,76,5546
12:9997,4092,4100,16,6151,11580,1071,12952,11647,10950
13:3316,3343,2308,1981,12959,6580,3699,6863,9058,9997
14:9997,561,741,5213,4097,1781,12260,12869,5159,6554
15:9997,10532,12563,12611,11783,12530,10649,10493,11354,10511
17:9997,2978,10544,3998,1284,5498,9245,10467,11193,11688
16:9997,5777,5780,5897,13238,5900,5924,5930,6179,6200
19:9997,6546,584,3735,9593,13306,10952,10726,12964,5217
18:9997,10410,8858,11795,5493,6104,2465,2375,8058,12505
