31486.6499108746,47415.07666695538
31.031857429136412,12918.74671424578
38138.68258890144,12379.500299148998
524.2961000526685,10038.002947647474
40053.34669486204,29496.89218051324
15032.669362588145,18283.987126953252
40860.28856126698,27410.83014471284
10013.465150642178,27778.725427645903
18155.73827863069,15872.033785413312
40420.68313890701,21022.82850354058
25948.08279326396,15854.880436799578
7837.513648279123,40477.11965274753
42173.166620751654,36715.757899422955
34259.379621388514,43345.26877660182
9711.295770790817,17248.800280534124
9645.123757114876,47830.22854286859
37731.21881438409,17892.421537555623
42906.31052351057,29631.289203207572
49612.075780455074,23839.903581265473
17158.82121752463,7806.463115132394
3803.05125713991,32447.432561480084
24398.088724651978,6301.785266314002
42779.161807603276,4744.700438498731
32770.42694795928,7219.989870938528
39978.47133151299,30646.46534020841
21999.086806313615,44494.535141496235
29019.904084008263,33941.50404992427
28264.941733645814,43860.77935468013
26330.448269403638,202.74489260119603
3124.0776558975144,44410.21024208068
10700.569011207617,46613.59808578359
49412.64964753257,42337.28861123898
38474.02935598595,5836.899619341743
6416.670339347147,8887.898885586394
41761.67216275989,17042.97961083038
39582.14232141742,35111.703047697956
39309.085393320354,9459.723932947267
9615.764174790653,8915.404090909546
43615.98221227336,20597.57452772909
15035.681275020544,33625.353250640524
25050.86438564126,43617.46853976619
12372.528098547487,39728.86521615783
20815.802036909823,6395.816742640717
43524.15098032724,25472.61070191592
7085.986906441747,25746.650537698093
22663.824524684143,682.5984040003226
21153.70664202678,48684.74954761228
43463.7758063477,36375.51833747247
38028.30458520236,2740.963952445663
23491.378515401106,25478.668208514573
14955.371989921256,187.44744679647312
20380.676555759008,28351.72228423255
25306.71743292826,26288.64344469642
24955.422140424762,30162.542734936942
31412.66817905522,28334.162547688928
30723.65847026084,44144.29528587905
21741.161597998926,48485.07999418955
24535.866124654054,499.7591097544836
39663.60453567995,13434.75890544255
24998.082017422723,11877.258303911924
17807.4802055356,23195.428203238713
46594.109845872634,30866.902043233753
20233.212548272117,25351.331121841857
5870.020575389288,3160.2964961395537
3681.2241848726017,5005.28000219873
21958.892686032388,8795.933451425639
1365.4690874465593,28015.218769024363
19005.900957592094,47114.07287164085
35720.03451739905,39074.57511493055
28639.78647809277,35005.90416160563
32074.012106117396,8875.237334742227
12198.248490957872,15319.256886767957
30780.269196319274,14622.708591747834
12103.748016979742,34325.10580057751
38789.72102648752,19879.01274175412
2228.2147452482204,37857.338414120815
38899.07003483342,24093.321263760732
17144.20232297448,47106.991011618076
14823.901048806261,48964.48411741034
2566.0753856137967,27449.387247736104
14512.474108365705,28278.655646189425
40216.83209770526,34694.94740539
37579.96963175626,38285.84016594881
39431.007343654266,18532.623580272506
25564.77604856665,43545.424286151596
27827.49498734678,36859.443078246375
18381.13394152537,11946.503691945776
15688.83968414739,48139.66472850812
39052.260330198726,17599.51777817761
1098.7923764651482,7.733633849400844
3593.6838773131685,17168.58198515651
29237.369451091963,47252.065598212015
13316.762985278388,2077.093941637847
36401.93481863457,4140.272521990192
26429.654780379227,12682.500209538626
35209.108364530264,33726.57507389066
48714.364785146965,21426.45179949756
23850.71230438779,48556.673858837465
7590.394641146714,25540.916723792674
8149.458143336231,17882.45789345192
30098.734497327052,29779.30428938484
36049.4076090731,39250.11384861022
23265.019877196428,29289.037974572882
4558.882258960464,28642.648888837022
2061.85040511278,4253.371974576508
41972.59083627106,4976.767978955598
15993.529689166431,31326.655525026425
42028.87500714359,47953.12052611225
32440.62010440708,40803.11572358272
20421.77280111633,18803.885191253372
38185.007640303025,21200.69757123659
35927.64599125948,19455.47534976444
35286.37166901201,14808.929620744337
17910.323216991375,5519.680575201156
32246.41541962498,5398.418898232128
34438.276541486965,12647.2632351196
2781.8172730159495,2673.750040370802
9725.448799882699,17516.937162113343
42358.80276018958,2150.196127596249
48250.43727782525,25018.91028629644
24027.792770707383,29694.776635477643
6868.193628078316,718.7024152839348
16214.615553689027,21439.91604983041
41320.20814966222,1410.5063348812382
27024.224728383393,5914.362943163435
46303.456318985576,19258.200250646518
4586.796348342443,48009.56656880164
38254.9484050677,7998.188340830168
40521.582297574896,9129.013914256264
8429.265835315224,4748.902140614107
2523.487069023888,30088.093497357495
12257.37193838585,11254.17818902727
22165.005496181762,27715.4282754051
48775.19940822074,48428.88575439585
29599.36797194455,40127.507117766254
6375.184123081598,4674.351624233502
25315.097964031847,13606.682626660438
46336.81303868946,21647.445649886635
26248.448536733686,26723.8010962198
4411.596362712436,25557.199068126065
33529.853681017026,9404.23575609377
22479.972004848372,36641.68825431486
46289.161870761694,39555.98931556553
14530.694310140258,46200.242283321175
16421.86468031319,49395.254553556464
2392.1578462154484,3040.446545301811
41343.74469085019,3198.2320166947407
22528.780477142325,49972.64723471647
25115.60522464032,37996.412005333616
9531.547755911608,19958.325121581085
42484.23354618695,42477.47127348645
25842.639054225103,15859.970330540647
9348.080454827785,5418.443849287285
2033.3091825655574,29987.71078802493
49406.5680445966,21182.63171639737
29242.661497179095,6557.8989144452635
15865.644525808459,9193.150058391388
27313.391965260438,7843.007876408325
28283.560405827837,40261.81108077778
10921.054814473415,29902.308667382174
392.0214322917326,21013.02211287907
47708.38873401251,7345.17260651931
2132.3437587096787,11345.567135211666
39737.54101142199,7508.194531379867
42830.83749477668,36567.46890998146
39426.427702578265,23601.54311324549
29990.90720885627,25779.8710398354
48690.17898654898,17223.972478210177
33190.98808334449,42723.406998334474
28388.28531030794,30445.78860211464
42065.57121739438,22068.654119808718
32578.184019979384,18702.953809190192
23444.64717995691,43952.55566236287
12638.749450946902,11550.483223572784
8363.35804554978,22156.093132526716
13030.37334192243,13567.522910406515
39373.24367028353,24312.50408974243
4160.843147238758,26061.4417274015
14422.481547478195,4717.558075584767
38068.631568126904,2959.1876031279935
46704.61887615505,8357.464315485535
38223.22397043256,16531.454879438723
11471.461581223972,33190.81654175798
25187.24564531705,27531.93426183759
24602.96501936554,28926.394236669938
26281.72140410661,23943.93304177031
1864.7086118241732,23102.356911057213
40707.897938029666,7888.552230326422
17210.43186088715,14867.39412169957
40777.81579990713,44290.93241938551
40383.61964783892,31379.142751477077
25461.262583163396,496.9885046795943
47792.993783972706,6617.197468453633
6234.368891178317,37591.25491191451
30153.65711619248,7856.07056087879
14282.101876395527,11801.689415097304
38993.773221610674,21211.803960827925
37414.48056569027,11124.136375056785
9989.896453779282,10068.379947638712
27627.918491095912,47848.512318974164
18030.270364797936,2408.0078605781314
28569.53726693611,25992.969050488515
44869.16010127398,28441.565698793354
23261.895085580047,31241.2914789279
2030.6872903304204,26921.85217987245
25115.605011126725,32052.739140009668
27890.914305609193,28027.808968132776
8133.644984647193,47437.04179741607
43872.39978723837,5303.27280931123
24989.590863049485,18899.14014836291
46142.52769116729,43048.490255968834
23456.618990202194,31650.104595294844
6091.187789744964,30881.141782457442
13353.137835222726,20418.906493629176
10875.484441643392,47946.496556459926
32911.17662685851,35879.26545361358
17787.289345938745,36644.02083440588
26860.51361581642,4703.290646954367
20955.037854713235,38882.90566415692
41060.41039623473,30974.202000240803
33709.99319664807,29210.020116775784
8430.618975542751,8315.014767729088
15098.92486030476,40776.56952134396
20326.757990087226,32372.633947830724
4653.116505940406,26896.939762791044
47126.76147219617,26197.973566226592
11219.093736872479,22127.84711930556
915.9452516327909,31410.931679224992
7921.302614971434,2048.4246457238
39508.950890456676,29543.630729396886
9376.730963032967,17074.286737009847
25926.078955423072,20090.54703011303
14392.858694846702,15971.50076039237
29567.371834762296,6146.78504790656
29091.581260306262,32168.626285119815
47537.97385527127,42403.44681688297
40855.43158108349,643.1725024258556
16075.263326859023,24326.398260546244
37526.36405101912,49973.087388277556
46174.7709332079,37043.003165853246
3910.214456767388,41939.49409731857
17752.83715898042,39088.0922102897
41734.962995700414,10966.003231031125
26585.233070707687,7269.551317533262
30965.61546801137,5200.857069226178
31502.95738227507,14170.131482930086
6712.391813298883,28256.59789947942
23470.85773387123,49896.15817023561
21458.946588624065,42150.661259277345
27597.76201684274,24499.66502541762
3756.7734211660604,38867.39049115597
32450.33315515099,33428.58974401008
16643.336471494807,8505.771329938858
18852.2789726857,39681.25600196057
43413.558561925216,10871.701977669605
5662.0811456963365,18830.832839942283
26697.092036906128,11231.710000753774
27832.170885240597,31295.72633665576
18987.31963608765,18567.80073626437
35359.30254829132,31236.30537623908
20253.814457608903,45608.062212199846
22175.497542306282,798.3953204779998
22294.428010299678,49753.24016293311
15955.710189769468,39019.25930963974
37500.725079247786,14731.990949547939
26211.270479777282,17009.325862950423
36498.782263358116,8314.56900814242
28165.29976270425,16315.247299364328
16586.227528705323,37812.22570803189
19267.460650010886,22386.919660382908
11489.77858750157,28752.83096316105
42786.23391556766,12731.259895750072
43640.348743863295,13486.197930870649
26521.761605540025,13238.616541823143
42454.9332137001,8338.010291733524
49815.51896680055,8580.991022368777
16540.68047170244,18241.045136868197
44353.09306127884,13094.312103226233
10937.342507821104,38784.95749817198
17904.881640762283,44440.99230594597
11594.892810286807,37532.874082881346
26535.588623688363,34113.39019546658
28352.409872192355,44000.96016121825
32056.81691096061,20375.313897685603
5737.761414162579,31430.61956467612
2215.099858383387,45933.61150370705
49508.40200087269,12478.383357864344
15305.84992351834,5740.156396572478
37531.44323327124,42068.69628280083
49725.198030169064,43829.332293524
10198.650854993562,29574.421883962154
8155.079835226088,21108.74828122658
14206.277122444317,33605.27507169413
833.5131182063935,48063.440415839264
32084.768570018347,409.5305917724279
36346.81364816031,16112.123530374527
23736.610059026705,37941.163106908876
2748.902935034408,7636.240738595387
25321.886316361877,9146.679007593388
32661.422771089867,42030.354480067355
781.0865543364995,4406.146789258737
19210.03065591503,47331.293505255744
47401.29849948544,29219.92861643949
16047.214849606595,23204.551885727687
22815.061939652347,39859.7069108666
16731.080811078104,45788.356657981276
20792.784900221617,39338.97606129087
13151.81759182962,17372.413141885845
30962.885117444457,6513.570717823972
3566.476760983028,24852.289853767725
4213.31210665287,18306.3861201346
48981.035726756185,33994.99246648651
19960.74260026964,23087.118944957314
32568.00830966894,22970.07903137155
24881.1576267975,23406.172384042446
38355.90583103854,16637.27833510753
24216.67776378855,40270.64487251898
39513.89033152743,27147.035528831242
24622.285836103045,42847.466994992596
8761.663239648313,10819.149896009514
30546.060442544054,14973.045942925994
46703.70413762722,10121.21324317455
42756.42249795966,12767.402926018396
33120.98821282262,42644.73738372232
33349.06201643732,12824.289627951575
35176.75068302914,8196.010985109868
3044.9593872850614,27179.12930227526
44463.4133706743,49543.033163273176
37772.43392720076,23222.661391785732
48468.32584835596,48635.93319930762
20417.262499886976,27004.707621110854
41165.41300474481,29694.629083537853
1531.417385296994,39163.12016324576
7723.591976690492,23675.937666283902
15542.884159371028,34698.251327727594
28331.56287262025,34234.21232598283
21008.431726590774,41237.4228788473
28547.59363032644,47784.012388476796
43816.03067266687,46618.783583867495
23955.43024274602,37546.583111805434
9998.083621052252,25748.46048704408
38780.993895959946,35472.642098627024
9377.383644421052,40718.16811220185
48506.658656781794,20532.41521989774
12021.881008455022,16400.159606845504
38541.86111572419,1025.1212367990781
26865.330827792994,28103.266616973855
10752.233273946951,12650.10007007379
6355.756014864312,44706.06585600957
7482.76096258149,34425.957971562864
18566.419990169376,10505.850476034615
9304.912110437308,35247.41924997398
8817.371267603172,2267.422134401502
19533.749950347283,43645.18528763829
47101.88851461021,7119.57407863876
8425.962428188808,32353.2042574284
18406.29895116187,187.8006794332113
25910.945633517404,45230.80821991492
19644.171506416125,18685.901640687764
25065.704867419485,2205.9015671833863
33463.44361498587,26689.679825800744
15938.310414173731,4512.03531256285
43304.04947234781,27078.464049660866
9628.491441580205,22282.594408738114
26025.524735346928,21309.917725392497
40998.69755291546,1339.1731317019846
6055.231354573156,19618.35555984998
26997.517286543323,3157.7460275097365
8941.278287962283,21385.210835254577
17482.358186250996,36962.901994585685
3654.8316560054445,42609.43304946068
36150.90526781537,28575.695635017684
46130.3947035484,42803.65679093336
12707.284718107921,32622.32769544392
48919.35836265343,8448.218484589876
4228.922597635507,49131.20127219462
17780.304166605278,26937.332564975753
1583.546046832487,47239.66922145425
28446.006570095473,36771.12442890568
22385.362200346364,8567.251509503907
3963.157337223013,15909.045124214868
7207.445148725387,26235.751000294305
49959.85240641757,5211.9506258226575
3992.158646003563,35591.435599756165
26304.047700514326,8726.014527119902
6162.940799727579,29064.69942630678
27582.18574625291,34669.05932180114
3789.856378573971,36426.15426228479
13237.714510689033,13337.866622879195
8956.24351808217,15920.10125015123
46915.2838948864,15250.03502385577
10333.856788951362,6136.206853848244
147.19569200397646,27392.31467610776
19188.498694901682,30385.924606113673
5130.127697587155,41830.70407013531
4194.851298938734,46685.37067073336
28605.130271819668,22182.293154338917
30079.769281794743,46345.14068420182
6205.984699293712,20787.67213825363
17626.235963962776,41318.80147937351
31934.41825147773,23548.65791110262
17316.965079735313,120.84509951246824
7280.1510804694735,14786.50905600411
10437.558528635793,38815.62565524788
4355.675503052568,8720.691719269666
12685.987673554546,41166.24322785846
39321.430093225084,23955.48266750464
3582.357086546217,31896.515159079743
3062.3651325820824,31958.73183252267
5737.5258458606695,18747.72306082082
49789.870603889125,4465.071417697958
9750.641299468425,44173.22935040035
3861.7133846135516,23504.293424029882
2177.0449093828265,42809.4390224176
3591.115077021481,46131.467698567954
32398.327440345274,8530.391871263117
43530.975003841544,16201.573921976285
48886.89064263761,41657.613666694364
18040.292887343672,24248.666578418455
43592.909597234524,17623.706459998866
2733.9016252394813,1187.3697981209727
21908.28328081913,5022.795055628399
48507.35253249857,19533.008177704727
9267.755385529656,9950.489441674155
20850.95926134558,29173.728009612856
10654.175871796748,45821.38950259211
12276.08911858829,13087.569815073164
13459.165818096279,20765.93228490632
20247.572787261113,38420.65368989964
35018.302803888204,886.7370267537149
12237.403334528777,25061.619107168324
44544.78542315833,24290.233904529276
13054.553391792106,38886.38993178967
35922.60382539823,21480.505075162484
21788.98628163714,34429.58927846994
14996.027687353504,35968.24632276393
38721.626755296864,29482.80265346775
44263.14902457667,44119.550410889366
34447.62954853241,5511.498253298209
28403.280217591015,11545.996310126866
11204.483022501476,14834.009129713068
10492.712404126092,46504.871673473324
20549.14895257593,25991.814700246494
14998.856992780004,32329.57448669392
39814.68656193475,13818.145239546548
47816.98415407291,27119.80741204386
3591.7575037997194,2184.867294561459
13774.602234045347,17975.78040896037
39004.01980419579,44811.388243873516
8976.150516071455,13870.04818238799
10070.597008308952,44929.97450922368
48842.76573137319,14064.769039229539
37576.58955194264,4373.108494634524
295.46915331585984,27726.23270712805
42513.6209183671,47495.86730949404
46902.81915047558,95.32302934934341
49320.00933705605,15300.928159963363
20689.608792054594,6115.785778145792
35816.003769027564,49502.33832293903
18600.453459689757,25780.97889581213
3114.819174391471,13870.852899760483
13149.708617641536,3561.3633719343766
18657.4372567554,24702.622473706888
31677.45117748181,17470.01227293715
37126.5065300524,846.6651139059825
15032.48963148748,47448.91838813493
21535.044532687876,27803.937026848627
34563.009726230506,34745.289728803924
4836.297798936833,37432.416318475465
27890.027256123998,32255.1528995892
15877.819544647751,16360.365421538165
36746.96778324046,46409.47731821795
17514.084979734307,24990.774093300737
36522.508665453344,38211.972825902274
34952.95568259655,33057.351617335546
22382.669149184894,27878.87452630228
27376.71760661901,27727.327190075895
31773.59910365631,17564.79587672258
41839.44338890352,43768.71964558099
5595.194992285904,46558.7872834227
16488.525845388685,29426.294804311096
48084.480930186575,3073.458275478762
16479.129971039874,37009.48106429629
47446.039816395714,48669.46476548029
9543.2853129033,33819.32879726387
15558.0490233429,43108.29858258727
48615.086606221,11255.927926927858
49222.28421219162,4048.3212428829006
17831.096728663066,32675.51411858025
24935.43167133289,27976.41666390998
952.3755754128755,29875.786251664533
32522.2365282089,24605.719407406294
10639.241402335767,31981.377695984967
41630.922091841014,36248.915670645925
21146.941632393595,47757.10258959646
41877.828714983276,25905.9884322529
31477.134965895344,36872.039476211336
30133.405368155232,42368.04309664326
47748.89497146358,47223.55380848442
48275.90508740597,26614.21987939064
27084.687641005872,206.9700142505277
32704.413128686865,36596.267756585396
21511.74272742438,3569.7648132388244
6143.60356265986,26119.365678670158
4962.912180751547,7937.7878957971
41064.00012525056,47704.538160781725
9595.458626580043,24534.91315145547
3834.33282214811,12276.490851778353
4507.361066399293,33271.86001175546
44996.085158377435,9777.154770412073
45709.89301004809,43842.69006479826
3296.075829214823,48216.756810071594
9721.150413544448,13513.786906910418
34482.5547804178,46385.53615145124
35435.84218676788,40307.90771896739
37942.7078056119,29415.513327423017
20659.913006864408,43416.87095248381
39502.47845142609,9281.545428595417
43801.13418365689,33371.567756836244
47639.88240501204,48308.06134010269
18685.895058935403,23088.113751149638
11046.350092626282,35484.83843835719
21695.514281247015,16994.049822184785
20256.434398405192,10578.694577673434
26562.177170021023,37455.88653321119
25878.882157428223,5412.549021146467
42375.01943699542,37399.44317150702
2747.464341762676,7029.288050622109
25715.621312439518,28521.07920087298
36174.272532201154,16572.581121702544
12633.257188942887,30395.57067464473
49175.654949205105,1235.2856644377355
4129.564959894493,45967.435073671746
16837.144209987066,47572.20728241391
12763.38850924481,45312.13461907401
2730.5426715199337,24157.829858674442
13998.864250376324,11714.649335125952
28481.247409953234,1982.103945030984
12843.39315297324,15362.298408227492
13526.774495504289,13713.464891225476
42545.30550494065,26220.020906443697
40745.837451529645,5332.683849397739
5388.035246503771,13188.461566241402
32912.7903728042,21095.531739831047
48164.876650554084,23722.918658375464
5639.988759941836,25647.54326186908
29851.189297279376,23280.45109617158
28128.41522413373,143.17117083998485
49511.906258778785,45273.94992934777
11713.397878542413,44163.1667054711
6143.600745983886,24454.90316965909
28041.331994704,31338.56288606528
12274.792832782578,5368.28864731595
34920.753377864814,44778.65780090394
36895.405742533236,31808.961423701297
37375.29790768422,11166.169601017209
26777.289694202504,15950.29581927372
10627.472689597413,5336.904732153569
23232.24021966138,8384.903174091814
7732.661181848746,11688.525105973798
27271.819279025098,24060.82678715948
45174.449574061044,17021.863999881174
17378.604609288454,12129.59241261224
37851.74268591947,16052.67581839098
3850.185532620561,39830.02701779828
15858.689799989592,7604.189306135318
41501.43880623664,28474.09629910911
8737.592426938594,21656.199370264294
4408.333310687562,41850.44314513725
1933.9681962148939,5797.785638056539
21012.2355311392,665.9514721449438
40824.174957894,24466.650822392636
19321.125998817275,47082.42910244414
47968.82514099685,4065.104897903591
9823.101841493964,46141.46123854626
32176.384859886923,8736.014718231887
44635.31903911462,44285.5212386006
24218.577264496384,39526.901788762276
11674.57209495605,3859.79523085829
48913.128259570825,15582.599044002325
31121.665957475063,20820.067424246365
55.00211353733336,26073.574115955445
8458.333690094272,2228.237419421891
45054.546445997825,5155.943377053962
14482.423406128615,44214.30435047123
2316.7628968202102,4147.485994041776
2274.444267190918,36982.17863961275
26067.4837042594,44892.73378636054
14413.402156912673,24613.896508075184
23326.654796946535,31152.350896647968
47620.865794093894,203.03053104919633
23438.75811918917,48098.469425690695
9073.60347300204,18780.206895956315
38730.761147202225,49446.00014866745
19245.089446603848,48161.79279983738
16629.69041261792,37928.52224182837
22313.11252108833,3954.8241883317623
30420.00562076786,11461.377920811743
18276.43066422829,4523.956608079423
39417.21930444419,210.28484689610985
4436.384217433188,13083.729337180688
20336.380760385397,19782.419582853938
1021.6632013457488,4133.372729828527
2502.2030729726453,2826.7532557564755
21294.290090302955,44399.287777198944
31383.689980231127,29805.676961363104
41787.627325247886,6011.988981360829
19905.31440824669,45257.62337065982
31352.65559301897,16030.38764153518
33965.322188141734,16193.858613391587
4288.185091777165,11789.499331101104
4657.879286824363,6449.933078436787
43101.19691979467,11371.99007447819
23960.988754061527,18417.64623146641
6381.353272990094,18720.1560423367
47025.8645282721,24488.906349789155
32244.281951591234,24788.117589354704
40792.753859282086,15551.919511281028
3781.876637244119,9793.340749719064
9922.13532830851,30906.959732748044
37912.11297880205,48326.86459434802
25055.50673635275,29761.349898707987
33764.99479795975,41915.58965595213
36711.93782669521,9964.985765508203
28100.867191286125,41746.52076039264
7870.44837914183,1277.0680539453335
41735.7327580999,13526.081346959516
34679.589768895115,4050.891202412033
31284.99473446718,47989.314783223985
26427.800922442275,47385.52440552711
5885.583343843998,10973.325953725742
26837.006854888266,22798.70689679128
31546.083045351075,37089.434417063094
36056.21546498194,30247.157331079823
45337.64093899287,36548.60334379623
48856.77522259963,8132.909064403633
11108.01768830867,24829.070591661046
24300.77132228984,27125.487937056478
44504.20880644864,18745.32298869086
10474.082525110081,16948.666512983862
44883.21768581497,26354.39608231009
24216.103520138484,31136.094478925606
44693.563758347926,23572.345391890227
35301.409489205056,4910.377861658044
38339.48467537344,34778.163345190755
28437.748406940627,48102.608463888544
9145.807833244398,38200.53948861544
8457.306417129552,28093.479603853542
42705.69649679036,26629.00550546149
19219.989235277884,24621.38430138253
10206.772913138991,39277.905432924876
48299.954539134225,19664.00049523426
15549.851955994765,4479.452378195855
39240.32114627436,24464.61609189081
14963.154808372708,18225.48309749413
7298.560451504335,9816.264938602128
28052.118544349745,22331.41915788136
3905.897763390702,28949.67695321799
3726.6312559895828,14542.886741076796
5015.945545012884,15289.627037066073
9850.99322623161,45915.494316159435
17375.00041861174,25953.438070574717
32617.094775293128,10965.946029372632
24905.10502619966,25956.956175561583
15608.704880993058,5844.059915284417
41985.35046174111,19102.570288659415
22952.927603415817,3646.5484414583516
42509.17787016047,6137.426939679538
49737.054005929785,4413.494569972711
12823.89848615355,6483.5674285374
6347.087741232377,4532.555420125344
29451.72445866218,46191.63869297599
31214.47527870632,27777.559633964018
9718.21729177808,6061.370233251866
5512.42614004053,5667.831819482534
37108.93911166921,45905.58255760379
48938.74503854794,3302.92213922271
429.77504465750616,38950.72180167096
22689.269685828724,43932.23620572848
23712.5787141178,36002.54749164105
22717.180070904607,33290.59968687758
23106.598193879014,3266.376704654255
21570.31435424961,27351.141836311614
27777.154274709465,12461.847022362499
30532.520587107258,12291.128633955539
23876.91310201474,34744.50847736466
5881.145855552648,6406.048243178788
33714.055911186086,12158.002065341807
18802.722766578427,46228.79078571726
16706.928266577557,46070.39844784681
3503.6935062344633,8121.866536978498
31028.433621802415,26750.550890040813
36315.62062032124,43689.273519983435
3787.3285694708356,9658.585443916556
9621.226829789,24458.719956746427
29104.540033795303,42105.622915644926
43647.876650611484,32057.375358387428
40103.468779635645,37213.96086104587
9217.230301572443,26974.77434200449
40622.98879999463,38435.58223686965
49117.817855115274,28395.642358573026
21899.96871024069,44904.216385544016
24851.457994112527,25448.389534034184
35965.96285326576,41863.450066990124
42946.567949024786,21100.36823282027
40883.42505042194,45946.1517551999
31709.22228862455,39075.23684530314
23023.984890209198,30867.47188192769
25918.643486591038,44115.42012323463
25847.513382976736,45283.01618745864
15030.715111540358,33775.64189158863
24087.388796139592,17053.909768426984
28653.206326898682,9206.480715693591
32779.26529288684,49572.36567687387
42643.604250918776,623.3719554908188
38269.019196579895,24490.48689281213
31817.433867576543,21797.467723835878
8214.473334545684,18676.96675814464
48527.65912528727,34616.69139682164
16104.673738404703,20614.880188114483
15837.893562732574,33308.44053200652
38746.729707334656,6820.022260426594
24902.91423223097,44357.91263930304
20813.948308251434,19845.150362699573
9922.871488175619,13762.478436568008
17238.050151883945,37389.05977874793
38502.20599407645,39510.621405752274
45833.51568452554,46538.059880124594
40379.21432938371,11208.656394424592
33726.189492469326,15214.85821981338
26620.0084457318,16977.37188387464
34962.947793013074,111.88863307374191
49824.4190118004,11178.23498727086
3154.7838658203927,34692.68866162517
339.1887342207588,30740.196448166585
3215.283346335899,16965.21063940473
11317.407717160411,47770.50816377418
3138.5465899458277,15951.830928828374
5299.201131019899,12288.929218920795
3816.1311719624982,44045.842759530104
702.8579526476062,27676.813857270397
45877.26181813383,37828.67020383552
36046.291072781234,221.50158419596113
43609.14145674864,20849.604169822378
38468.71987433198,43378.258451645925
23247.06215525322,29623.53825487574
2842.201594013339,18319.52732667966
39021.9814304787,36852.000260624096
33430.10068262099,23801.86957005107
43882.893891419546,12353.952235089328
46043.18873859333,33981.99931246817
2557.844282912761,44028.702551657276
13193.572051840438,33044.32991700827
36109.44512232545,2840.282106343856
28715.336933826362,39546.98500770985
8784.54517177775,5691.2661771832145
28265.16592857046,48428.64719622012
24268.47316571768,35052.05572849768
31114.211895110482,21955.017855281327
48369.31082370773,4784.237915365507
22501.686692473937,22911.073391742826
8617.707122171294,16838.062998711688
27658.180616665086,19512.497442417472
49922.62279313657,41190.201421315134
47954.72133823694,46056.19248559107
21914.07881869167,24227.93868164604
5204.539219596463,29439.464756127087
23034.966688685607,34350.45284556296
45719.66288009721,47114.96480199656
46670.401343997924,17423.752719838252
14064.360264261886,27597.846177419025
4319.949789407602,2431.992062233558
41622.11460743716,41251.2451420133
48876.949681275524,23250.373561397002
35792.83571279729,45502.39292581576
14637.058171612582,35988.326993654446
15947.736901769918,5003.172346007849
40166.00571469149,25113.2403067572
15129.34911934816,23134.37333659499
48823.74922226331,44336.78171119409
38963.563103381486,12398.203267607469
44031.56965455082,3298.444929675158
6866.35014418314,39883.365078043316
24106.054495370867,34518.3441310957
27929.702393021325,8247.999197904883
7146.686666580454,6037.01204228008
9666.991641242083,41207.60677085775
13466.102780268562,11846.717471673559
166.28899846482545,150.52071813263692
40791.28884707908,30369.399618831332
42511.31532030138,23950.149645701385
3877.720683230418,41786.53716274554
49214.38273693753,14526.508342351975
4905.244636923728,12206.222038323662
41576.42607570655,32268.38449049854
9602.827334020658,15228.026280883865
11064.31012603224,29346.231925281234
40176.960242502275,10249.025452468806
40163.607294436304,28340.808082496787
4505.177080402274,34167.83667392867
32254.822970021527,48713.32615982407
6147.49096193703,36749.04803234673
35777.90420748408,4803.1441067660135
18561.976000737137,36415.73213553937
31930.870831711327,16839.037441370987
6029.012025858102,14475.940738240697
5889.617912803088,9715.213375869778
22746.575452670593,38182.18940469925
22612.86967259835,22185.93083913752
49350.98490321748,20128.66723658461
7551.860150067738,18260.813033145703
44444.02739101033,43726.24416177752
12327.286332311885,36785.18582712148
9082.379473563107,936.6318639402525
37541.85374122361,5210.584090570747
24097.40860474803,17816.895692091573
43683.51493204181,15608.004607863584
19739.111120141486,46896.06330743083
33242.913030580625,11038.247817110943
14034.774266335615,23115.83990766399
15900.295406427036,43186.53103570953
44820.6200394523,32416.004662695468
8922.296337055253,21609.604995734993
17774.033840534223,47450.218852879494
336.14461168447684,18316.771588761687
4215.530643946854,23909.500485770634
23916.46415447441,15451.018909679897
42616.84759737235,2082.896669519677
32431.54119039931,1563.1402339707788
34462.46484864223,31315.957359351934
25748.9505053694,35384.86004003851
45332.89237271821,6058.119076368214
6603.150441414227,26751.07333976431
17383.041193295656,14668.893128959706
37460.19807357992,33254.434588780794
21900.18703642839,11779.373080772924
17065.163084789492,41297.455135682
17126.730788284243,39174.15547735624
35873.384310714944,28947.671561301522
35678.6927180935,49342.370846629616
5558.816576635635,10934.521742126957
9431.169789404114,36465.192386511044
48410.22057573715,6010.659621726866
24484.98580459462,48974.99239447246
38279.81007487641,7487.2190007773
9495.76499520138,6170.735436928152
44472.103225516716,16364.52968663243
21555.754461204666,15632.275620105636
39563.67477907153,28100.296771032958
5084.584894928948,46758.81465614396
3832.710011410329,45586.460852263175
20561.68137350675,17335.2570603696
41291.224816313734,37797.55864218609
2549.959762148266,13365.772561363947
28847.774772287197,6158.896076162931
23370.313530814747,38404.95619470119
18267.37835745493,10750.397088231772
6890.199480440566,17463.833029313522
33274.072561281406,35792.7242406343
13574.922066203775,31006.287286082046
29533.66613761634,39555.61609576677
10517.169926309047,18550.622966591705
28167.629711806167,18315.00712396697
1101.7936108281897,4671.06430672984
15005.075704275443,43511.01250194963
24894.065935836647,23710.16193245093
35166.24835463255,31419.767110145553
22947.443472691186,9602.70558038128
6991.369568187439,4085.167239126405
27974.068989524316,20054.021242509007
25474.328286588276,2006.7640121105312
12402.14844012106,6495.206233947746
30507.310205386762,31130.079222839464
33074.14013853423,46671.873769943275
31346.334662478203,10497.566228707685
39486.37614971615,2033.796918109738
19814.365070687167,8086.3514299646085
1364.119019240577,4463.437814206795
6748.2416648193,13638.182989704072
8445.05195425334,12801.46026553036
14144.17563620646,44439.90871211937
48136.796743969775,39130.014377304426
46375.347419896054,1608.4767678918295
10212.543204346386,5372.341526635224
12992.851836323704,764.9788702007113
46521.96461289588,32057.220603434143
13866.223991613419,40181.51743176389
10582.35700196943,19134.504873997954
3455.981931360175,30873.360465231748
7447.520329230003,42874.195898453785
48977.33781870431,14104.192529965552
13105.690875188577,39886.04457176566
35390.73356470393,23891.30786788783
5250.423477700023,27795.856677668395
16286.488379267312,40985.71019636818
45221.03759875986,12039.592701993279
18047.27797372765,2752.918092697996
31494.723981360316,34176.64161790998
39383.7513732728,10413.263683081124
12019.430386837736,22616.114267958324
5298.985816716741,28301.315556513026
26705.475956954604,7393.123253885601
44793.459266316444,40888.844233931246
5103.375800432855,39905.68782671702
47278.01216222375,47429.330745184714
45336.15860708374,4674.322709123799
39762.64993439166,11594.18416338414
31877.94007199263,19387.62956507668
8808.435124664333,22811.357006711572
26006.569390102144,30848.35893234301
37030.45008604295,9390.610645845993
44352.069511696354,21439.71104131353
38754.31453708376,2868.3107408982887
33610.93282141424,13877.219495829586
40093.59203608838,32504.789004918523
841.8803567463268,38137.40099364428
9887.699603130066,31825.663682271635
45617.525959444334,38874.01026959895
49712.66137085665,24031.893258256463
24851.27809193408,25041.904806494513
25486.65786499178,41636.90839203445
32057.320927815083,20646.740549795035
38839.12314804561,12977.334469092926
21762.55790612957,9596.647901775856
45081.40081907119,47772.84953608419
32642.23272849314,151.36815407789464
33141.62977851448,34392.09679014829
16788.244691573218,24231.879848049495
5363.03244304928,3350.2480416561007
12796.222825992136,5053.19439033749
23858.848887856217,13657.940473739725
15198.063061557012,9251.312473867225
49265.7245243821,41880.55236519636
39875.14054055727,41528.180096628035
38194.211405220274,24181.024456587977
40698.84059600463,12472.614502864968
26350.644437374074,8018.059288000229
25741.79537547353,36682.12907896086
6121.118370182863,8488.90582843981
25469.294956109406,11262.209277528655
46322.63302767576,4629.1560461120725
34135.026120677845,34661.07635977817
30161.44091895522,17998.387578698217
42066.32017474891,26859.63013281993
36574.59261787152,28216.561998638488
2696.749432244303,7744.249336163944
26034.281122307635,24696.462464089527
15717.903646734361,31716.593452280726
31118.220159599387,20277.420897988915
28707.588544128612,36244.55491196521
34025.603690367345,5642.5379973191175
32595.052225974378,19028.266369401586
49884.10387481069,42951.07269905491
39045.12055345191,40579.26172849263
7643.760212024091,24427.50312366924
28246.60990869168,8364.765473244572
36471.88583027945,30127.828856142358
20223.169564266558,33668.32746034354
12417.294094426059,47522.89255164393
49705.24438176551,21845.6607292789
31604.408792720184,18178.75336820332
17414.46537558727,25066.66638822119
18394.030283847762,29828.980638968384
46429.497203441024,13529.397257254883
9899.824893926292,21191.88290339922
39767.81280444522,31985.315247253915
48116.84266144933,25013.571493698448
25753.025058584604,17565.883003165
49807.135632443846,25142.725089135627
13666.400175464403,20181.71705988691
8616.497185349186,16716.847155130312
10190.536136933919,11312.478221328229
25718.89088723868,33682.87993030987
40667.092919545066,47509.471225859874
46143.82029621033,12190.699067018537
18613.77171431677,88.86586914533265
47908.54416588503,24023.29361085637
44221.5331175965,3895.645885563867
37859.61139314211,34420.400285464224
44618.878387385404,3306.715292317175
5131.999128253213,33755.17933329983
25310.375428980642,26456.22020137038
45811.185630538064,17327.603520923378
23866.182888604464,19302.46565343035
37557.43409800792,44180.78031151536
15790.455865145408,48276.680493676504
37673.668323865626,28570.640335119606
33122.42632143439,5021.474136832078
29853.08538008643,23863.863008707707
31147.251629568018,31040.05788548197
32570.399014850696,1536.2758533655299
38471.27081067076,43969.87813648271
42075.6710751687,35304.13201822644
45025.42458375316,2179.8952374932887
23178.634870490117,18911.953087007943
14778.448257597376,26247.210583253807
33766.03998761801,24429.67636059085
33442.899085377656,28772.104837908235
16684.644708831343,44622.551067835586
42115.07386668867,4225.960007852097